6 24.000000
Cp1 17.000000 12.000000 17.000000 0.000000 4.000000 16.000000 1.000000 
Cp2 23.000000 16.000000 22.000000 4.000000 4.000000 21.000000 2.000000 
Cp3 11.000000 6.000000 9.000000 8.000000 3.000000 
Cp4 12.000000 8.000000 9.000000 11.000000 1.000000 
Cp5 24.000000 15.000000 20.000000 12.000000 4.000000 23.000000 1.000000 
Cp6 21.000000 11.000000 15.000000 17.000000 4.000000 
6 24.000000
Cp1 17.000000 12.000000 17.000000 0.000000 2.000000 6.000000 2.000000 16.000000 1.000000 
Cp2 21.000000 14.000000 20.000000 2.000000 2.000000 11.000000 2.000000 19.000000 2.000000 
Cp3 16.000000 11.000000 14.000000 4.000000 2.000000 15.000000 1.000000 
Cp4 9.000000 5.000000 6.000000 8.000000 1.000000 
Cp5 24.000000 15.000000 20.000000 9.000000 2.000000 17.000000 2.000000 23.000000 1.000000 
Cp6 23.000000 13.000000 17.000000 13.000000 2.000000 21.000000 2.000000 
6 24.000000
Cp1 5.000000 0.000000 5.000000 0.000000 5.000000 
Cp2 11.000000 4.000000 10.000000 5.000000 6.000000 
Cp3 14.000000 9.000000 12.000000 11.000000 3.000000 
Cp4 15.000000 11.000000 12.000000 14.000000 1.000000 
Cp5 20.000000 11.000000 16.000000 15.000000 5.000000 
Cp6 24.000000 14.000000 18.000000 20.000000 4.000000 
