6 23.999996
Cp1 17.399998 12.399998 17.399998 0.000000 4.200000 16.599998 0.800000 
Cp2 23.199997 16.199997 22.199997 4.200000 4.200000 21.399998 1.800000 
Cp3 11.400000 6.400000 9.400000 8.400000 3.000000 
Cp4 12.400000 8.400000 9.400000 11.400000 1.000000 
Cp5 23.999996 14.999996 19.999996 12.400000 4.200000 23.199997 0.800000 
Cp6 21.399998 11.399998 15.399998 17.399998 4.000000 
6 0.000000
Cp1 5.000000 0.000000 5.000000 0.000000 5.000000 
Cp2 7.000000 0.000000 6.000000 0.000000 6.000000 
Cp3 5.000000 0.000000 3.000000 0.000000 3.000000 
Cp4 4.000000 0.000000 1.000000 0.000000 1.000000 
Cp5 9.000000 0.000000 5.000000 0.000000 5.000000 
Cp6 10.000000 0.000000 4.000000 0.000000 4.000000 
6 23.999996
Cp1 17.399998 12.399998 17.399998 0.000000 4.200000 16.599998 0.800000 
Cp2 23.199997 16.199997 22.199997 4.200000 4.200000 21.399998 1.800000 
Cp3 11.400000 6.400000 9.400000 8.400000 3.000000 
Cp4 12.400000 8.400000 9.400000 11.400000 1.000000 
Cp5 23.999996 14.999996 19.999996 12.400000 4.200000 23.199997 0.800000 
Cp6 21.399998 11.399998 15.399998 17.399998 4.000000 
6 0.000000
Cp1 5.000000 0.000000 5.000000 0.000000 5.000000 
Cp2 7.000000 0.000000 6.000000 0.000000 6.000000 
Cp3 5.000000 0.000000 3.000000 0.000000 3.000000 
Cp4 4.000000 0.000000 1.000000 0.000000 1.000000 
Cp5 9.000000 0.000000 5.000000 0.000000 5.000000 
Cp6 10.000000 0.000000 4.000000 0.000000 4.000000 
6 23.999996
Cp1 17.399998 12.399998 17.399998 0.000000 4.200000 16.599998 0.800000 
Cp2 23.199997 16.199997 22.199997 4.200000 4.200000 21.399998 1.800000 
Cp3 11.400000 6.400000 9.400000 8.400000 3.000000 
Cp4 12.400000 8.400000 9.400000 11.400000 1.000000 
Cp5 23.999996 14.999996 19.999996 12.400000 4.200000 23.199997 0.800000 
Cp6 21.399998 11.399998 15.399998 17.399998 4.000000 
6 23.999996
Cp1 17.399998 12.399998 17.399998 0.000000 4.200000 16.599998 0.800000 
Cp2 23.199997 16.199997 22.199997 4.200000 4.200000 21.399998 1.800000 
Cp3 11.400000 6.400000 9.400000 8.400000 3.000000 
Cp4 12.400000 8.400000 9.400000 11.400000 1.000000 
Cp5 23.999996 14.999996 19.999996 12.400000 4.200000 23.199997 0.800000 
Cp6 21.399998 11.399998 15.399998 17.399998 4.000000 
6 24.000004
Cp1 17.400002 12.400002 17.400002 0.000000 2.100000 6.300000 2.100000 16.600000 0.800000 
Cp2 21.300003 14.300003 20.300003 2.100000 2.100000 11.500000 2.100000 19.500002 1.800000 
Cp3 16.600000 11.600000 14.600000 4.200000 2.100000 15.700001 0.900000 
Cp4 9.400000 5.400000 6.400000 8.400000 1.000000 
Cp5 24.000004 15.000004 20.000004 9.400000 2.100000 17.400002 2.100000 23.200003 0.800000 
Cp6 23.200003 13.200003 17.200003 13.600000 2.100000 21.300003 1.900000 
6 24.000000
Cp1 17.000000 12.000000 17.000000 0.000000 4.000000 16.000000 1.000000 
Cp2 23.000000 16.000000 22.000000 4.000000 4.000000 21.000000 2.000000 
Cp3 11.000000 6.000000 9.000000 8.000000 3.000000 
Cp4 12.000000 8.000000 9.000000 11.000000 1.000000 
Cp5 24.000000 15.000000 20.000000 12.000000 4.000000 23.000000 1.000000 
Cp6 21.000000 11.000000 15.000000 17.000000 4.000000 
6 24.000000
Cp1 17.000000 12.000000 17.000000 0.000000 2.000000 6.000000 2.000000 16.000000 1.000000 
Cp2 21.000000 14.000000 20.000000 2.000000 2.000000 11.000000 2.000000 19.000000 2.000000 
Cp3 16.000000 11.000000 14.000000 4.000000 2.000000 15.000000 1.000000 
Cp4 9.000000 5.000000 6.000000 8.000000 1.000000 
Cp5 24.000000 15.000000 20.000000 9.000000 2.000000 17.000000 2.000000 23.000000 1.000000 
Cp6 23.000000 13.000000 17.000000 13.000000 2.000000 21.000000 2.000000 
