6 23.999996
Cp1 17.399998 12.399998 17.399998 0.000000 4.200000 16.599998 0.800000 
Cp2 23.199997 16.199997 22.199997 4.200000 4.200000 21.399998 1.800000 
Cp3 11.400000 6.400000 9.400000 8.400000 3.000000 
Cp4 12.400000 8.400000 9.400000 11.400000 1.000000 
Cp5 23.999996 14.999996 19.999996 12.400000 4.200000 23.199997 0.800000 
Cp6 21.399998 11.399998 15.399998 17.399998 4.000000 
6 0.000000
Cp1 5.000000 0.000000 5.000000 0.000000 5.000000 
Cp2 7.000000 0.000000 6.000000 0.000000 6.000000 
Cp3 5.000000 0.000000 3.000000 0.000000 3.000000 
Cp4 4.000000 0.000000 1.000000 0.000000 1.000000 
Cp5 9.000000 0.000000 5.000000 0.000000 5.000000 
Cp6 10.000000 0.000000 4.000000 0.000000 4.000000 
